2031101_14.tif
[[ 1.88888029e-01 -1.32388291e-01  6.68046602e+01]
 [-5.51367415e-01  2.32035823e-01  1.23737397e+02]
 [-2.52230003e-03 -1.18339787e-03  1.00000000e+00]]

2031101_513.tif
[[-4.01176371e+00  3.14008277e+00  3.79451449e+02]
 [-3.09857922e+00  2.42357645e+00  2.93388789e+02]
 [-1.05945429e-02  8.29756425e-03  1.00000000e+00]]

2031101_1044.tif
[[ 5.96180104e-01 -7.13684489e-01  1.92387015e+02]
 [ 1.23621841e+00 -1.59482184e+00  3.58129826e+02]
 [ 7.88290090e-03 -6.07789802e-03  1.00000000e+00]]

2031101_3088.tif
[[ 8.02414822e-02 -3.41458820e-01  1.70272408e+02]
 [-1.40147642e-01 -5.81320085e-01  3.60085496e+02]
 [-3.42243822e-04 -1.73258056e-03  1.00000000e+00]]

2031101_4634.tif
[[ 1.10080202e+00 -7.59411537e-03  3.48932648e+00]
 [ 8.15936158e-02  1.04933171e+00  1.60374892e+01]
 [ 1.62254592e-04 -7.09729807e-06  1.00000000e+00]]

2031101_4635.tif
[[ 1.07711984e+00 -1.51287027e-02  1.25503438e+01]
 [ 5.02931844e-02  1.01329752e+00  2.29790111e+01]
 [ 1.45768028e-04 -4.92301411e-06  1.00000000e+00]]

2031101_5143.tif
[[ 1.22251201e+00  3.34112015e+00 -5.40071562e+02]
 [-1.05051450e+00  5.25749272e+00 -3.87854062e+02]
 [-2.95497736e-03  8.15150845e-03  1.00000000e+00]]

2031101_5657.tif
[[-2.19059198e+00 -9.43170470e-01  4.13867893e+02]
 [-2.49330705e+00 -1.06045763e+00  4.72524843e+02]
 [-5.37896145e-03 -2.24495310e-03  1.00000000e+00]]

2031101_5658.tif
[[ 1.37035112e+00 -4.84345535e-02  9.46105896e+00]
 [ 2.47968749e-01  1.28967447e+00 -4.26155839e+01]
 [ 7.15023137e-04  1.87303151e-04  1.00000000e+00]]

2031101_5661.tif
[[ 9.12072119e-01 -6.22362673e-02  2.31611061e+01]
 [-4.70912906e-02  8.14569801e-01  6.17081726e+01]
 [-9.53570628e-05 -2.64262265e-04  1.00000000e+00]]

2031101_6683.tif
[[ 5.27484416e-01  1.70885572e-01  5.42365485e+01]
 [-4.20027993e-01  1.11523114e+00  8.32950385e+01]
 [-1.25131726e-03  9.72964935e-04  1.00000000e+00]]

2031101_6684.tif
[[ 9.68550871e-01 -1.94837448e-01  3.72177655e+01]
 [ 1.42050511e-02  8.78375284e-01  1.67290004e+01]
 [ 8.61877854e-05 -5.01099069e-04  1.00000000e+00]]

2031101_6686.tif
[[ 8.88260259e-01  2.24792388e-02  1.38743779e+01]
 [-1.40722326e-01  9.74355186e-01  5.92438644e+01]
 [-3.64644125e-04  1.37990728e-04  1.00000000e+00]]

2031101_6688.tif
[[ 8.27089630e+00  2.24227278e+00 -1.53092510e+03]
 [ 8.19192969e+00  3.67425633e+00 -1.09346099e+03]
 [ 1.64645507e-02  8.31489613e-04  1.00000000e+00]]

2031101_7182.tif
[[ 9.83870190e-01  7.06645871e-02  1.10715819e+01]
 [-3.41895725e-02  1.06531042e+00  3.78129885e+01]
 [-5.89807969e-05  2.05209733e-04  1.00000000e+00]]

2031101_7183.tif
[[ 6.50445995e-01 -8.06845703e-02  3.83824374e+01]
 [-3.30090387e-01  4.09538669e-01  1.36673195e+02]
 [-1.01970425e-03 -5.88591288e-04  1.00000000e+00]]

2031101_7184.tif
[[ 1.00646673e+00  3.45868667e-02  1.03086896e+01]
 [-9.45173225e-02  1.08536790e+00  3.08760567e+01]
 [-9.92438917e-05  2.18789843e-04  1.00000000e+00]]

2031101_7201.tif
[[ 1.00744069e+00  1.10357165e-03  1.52846541e+01]
 [-4.02178732e-03  9.41940708e-01  2.05249941e+01]
 [ 1.80782128e-05  1.18956476e-05  1.00000000e+00]]

2031101_7693.tif
[[ 1.63948518e+00  2.13661356e+00 -6.08896575e+02]
 [ 1.76932251e+00  3.84476340e-01  1.46038399e+02]
 [ 3.39571094e-03 -2.12931456e-04  1.00000000e+00]]

2031101_8204.tif
[[ 1.82977766e+00 -2.73255466e-01 -1.84025054e+02]
 [ 2.50359749e-02  9.29567437e-01  7.56171002e+01]
 [ 8.73533925e-04 -6.86118607e-04  1.00000000e+00]]

2031101_10258.tif
[[ 8.28464327e-01  5.96305225e-02 -5.76833784e+00]
 [-7.47679380e-02  9.20559821e-01  1.81832520e+01]
 [-1.22795441e-04 -3.23931736e-04  1.00000000e+00]]

2031101_10266.tif
[[ 9.72895831e-01  2.16897646e-02  1.04831021e+01]
 [-2.32398459e-02  1.08072690e+00  8.53422328e+00]
 [-1.44577133e-04  6.05914679e-05  1.00000000e+00]]

2031101_10772.tif
[[-8.65740779e+00 -3.11719281e+00  2.35338757e+03]
 [-5.25807938e+00 -6.22516037e+00  2.24306942e+03]
 [-1.21338729e-02 -4.18606122e-03  1.00000000e+00]]

2031101_10788.tif
[[ 7.96634867e-01  4.50332088e-01 -7.15663447e+00]
 [-9.09716428e-02  1.10505799e+00  5.84898369e+01]
 [-1.95143790e-04  6.66278231e-04  1.00000000e+00]]

2031101_10789.tif
[[ 1.85067442e-01 -1.42776045e-01  3.09697408e+01]
 [-3.24812922e-01 -6.90744587e-01  2.24589237e+02]
 [-1.35415034e-03 -3.16405340e-03  1.00000000e+00]]

2031101_11281.tif
[[ 5.02275418e-01  1.01546341e+00 -4.68988423e+01]
 [-1.34943950e+00  2.44598795e+00  4.77269939e+01]
 [-4.73584370e-03  5.57564850e-03  1.00000000e+00]]

2031101_11285.tif
[[ 7.85465279e-01 -3.70276823e-01  9.82244356e+01]
 [ 7.38483189e-02  5.36955246e-01  5.22090415e+01]
 [ 1.60668852e-04 -1.14066825e-03  1.00000000e+00]]

2031101_11291.tif
[[ 7.24447524e-01 -9.60991433e-02  6.04180333e+01]
 [-1.03885093e-01  7.87984987e-01  6.14323502e+01]
 [-3.72122909e-04 -2.88619248e-04  1.00000000e+00]]

2031101_11292.tif
[[-1.66483272e+00 -2.48377894e+00  7.87619682e+02]
 [-1.53447216e-01 -1.61107172e+00  1.39519778e+02]
 [-2.00224466e-03 -5.54048013e-03  1.00000000e+00]]

2031101_11803.tif
[[ 1.39737067e+00  2.43838515e+00 -1.15658725e+02]
 [ 7.92583477e-02  1.98927760e+00 -8.03185657e-01]
 [-1.46360471e-04  7.76535800e-03  1.00000000e+00]]

2031101_12311.tif
[[ 1.18860646e+00  7.35605550e-02 -4.55765903e+00]
 [ 2.72418550e-02  1.15047819e+00  1.90010586e+01]
 [ 2.05140356e-04  4.98514782e-04  1.00000000e+00]]

